100
10.383 1.886
3.777 7.915
8.793 9.335
6.386 1.492
7.649 2.421
3.362 1.027
9.69 1.059
8.763 4.926
1.54 4.426
10.172 6.736
6.211 6.368
3.567 7.429
6.782 2.53
3.862 6.123
5.067 4.135
4.929 10.802
5.022 4.058
4.069 9.167
2.393 9.456
6.011 9.042
7.229 8.373
5.421 5.919
4.784 9.537
6.198 5.324
9.315 5.37
7.413 4.526
7.091 9.98
10.956 2.873
7.862 10.17
7.996 8.281
3.305 1.925
8.084 7.327
1.336 7.505
1.846 2.729
2.313 6.857
7.124 4.895
10.582 1.545
9.814 4.367
6.434 1.364
5.043 4.75
2.087 7.808
8.276 8.178
6.788 4.584
6.403 3.651
3.754 3.399
10.932 6.06
10.676 4.368
8.739 1.012
7.226 9.586
9.094 8.539
1.795 1.57
2.434 1.378
8.467 7.601
1.097 3.902
4.317 1.492
7.652 1.756
8.301 1.28
5.286 10.441
4.865 10.689
9.444 7.619
9.44 5.729
9.031 9.117
9.097 6.771
5.481 1.675
1.709 9.927
5.567 8.856
10.497 3.353
5.586 7.965
6.306 5.683
7.219 9.624
2.528 3.871
6.732 9.829
10.503 1.019
9.27 4.368
10.708 7.715
7.34 9.149
8.796 1.723
3.618 3.245
3.846 4.451
3.921 4.555
3.379 8.488
8.764 9.228
10.841 3.35
6.193 2.5
8.034 8.764
1.124 5.914
7.987 6.856
4.743 7.491
3.227 9.365
10.859 2.936
2.432 3.551
7.437 10.228
4.275 6.407
2.474 7.121
9.858 5.395
7.029 2.237
9.235 4.793
6.818 5.428
7.143 2.011
6.928 10.529
90.383 31.886
93.777 37.915
48.793 39.335
86.386 61.492
17.649 42.421
3.362 91.027
69.69 21.059
98.763 14.926
81.54 84.426
90.172 56.736
6.211 96.368
3.567 57.429
66.782 22.53
23.862 66.123
75.067 4.135
14.929 80.802
35.022 24.058
34.069 99.167
62.393 19.456
76.011 79.042
77.229 78.373
85.421 45.919
14.784 99.537
76.198 95.324
99.315 65.37
67.413 4.526
77.091 69.98
60.956 42.873
7.862 100.17
7.996 98.281
3.305 21.925
78.084 37.327
61.336 27.505
51.846 22.729
62.313 26.857
17.124 54.895
20.582 1.545
99.814 34.367
16.434 91.364
45.043 14.75
72.087 27.808
18.276 48.178
96.788 94.584
6.403 3.651
93.754 13.399
100.932 96.06
50.676 94.368
48.739 11.012
37.226 99.586
49.094 98.539
41.795 81.57
52.434 61.378
98.467 67.601
11.097 13.902
74.317 71.492
27.652 61.756
98.301 61.28
25.286 10.441
54.865 30.689
29.444 47.619
59.44 45.729
59.031 9.117
39.097 6.771
35.481 91.675
21.709 99.927
5.567 78.856
80.497 73.353
55.586 77.965
56.306 65.683
7.219 29.624
52.528 33.871
6.732 49.829
10.503 31.019
59.27 64.368
60.708 87.715
27.34 19.149
48.796 1.723
43.618 3.245
23.846 94.451
93.921 44.555
93.379 98.488
38.764 89.228
70.841 93.35
66.193 42.5
58.034 88.764
71.124 25.914
37.987 76.856
74.743 47.491
23.227 49.365
10.859 82.936
52.432 53.551
17.437 100.228
54.275 76.407
2.474 77.121
69.858 95.395
37.029 62.237
9.235 74.793
66.818 95.428
67.143 32.011
36.928 40.529
